0 , 20.95853
1 , 23.29925
2 , 23.76739
3 , 23.76739
4 , 23.76739
5 , 23.29925
6 , 23.29925
7 , 23.29925
8 , 23.29925
9 , 23.29925
10 , 23.76739
11 , 23.76739
12 , 23.29925
13 , 23.29925
14 , 23.29925
15 , 23.29925
16 , 23.29925
17 , 23.29925
18 , 23.29925
19 , 23.29925
20 , 23.29925
22 , 23.29925
23 , 23.29925
24 , 23.29925
25 , 23.29925
26 , 23.29925
27 , 23.29925
28 , 23.29925
29 , 23.29925
30 , 23.29925
31 , 23.29925
32 , 23.29925
33 , 23.76739
34 , 22.8311
35 , 23.29925
36 , 23.29925
37 , 22.8311
38 , 23.29925
39 , 23.76739
40 , 23.29925
41 , 23.29925
42 , 23.29925
43 , 23.29925
44 , 22.8311
45 , 23.76739
46 , 23.76739
47 , 23.29925
48 , 23.76739
49 , 23.29925
50 , 23.29925
51 , 23.76739
52 , 22.8311
53 , 23.29925
54 , 23.29925
56 , 23.29925
57 , 23.29925
58 , 23.76739
59 , 23.76739
60 , 23.29925
61 , 23.29925
62 , 23.76739
63 , 23.29925
64 , 23.76739
65 , 23.29925
66 , 23.29925
67 , 23.29925
68 , 23.29925
69 , 23.29925
70 , 23.29925
71 , 23.76739
72 , 23.76739
73 , 22.8311
74 , 23.29925
75 , 23.29925
76 , 23.29925
78 , 23.29925
79 , 23.29925
80 , 23.29925
81 , 23.29925
82 , 23.76739
83 , 23.76739
84 , 23.29925
85 , 23.29925
86 , 23.29925
87 , 23.29925
88 , 23.29925
89 , 23.29925
90 , 23.29925
91 , 23.29925
92 , 23.29925
93 , 23.29925
94 , 23.29925
95 , 23.29925
96 , 23.76739
97 , 23.76739
98 , 23.29925
100 , 23.29925
101 , 23.29925
102 , 23.76739
103 , 23.76739
104 , 23.29925
105 , 23.29925
106 , 23.29925
107 , 23.76739
108 , 23.76739
109 , 23.76739
110 , 23.29925
111 , 23.76739
112 , 23.29925
113 , 23.29925
114 , 23.29925
115 , 23.29925
116 , 23.29925
117 , 23.29925
118 , 23.76739
119 , 23.29925
121 , 23.76739
122 , 23.29925
123 , 23.76739
124 , 23.29925
125 , 23.29925
126 , 23.29925
127 , 23.76739
128 , 23.29925
129 , 23.76739
130 , 23.76739
131 , 23.29925
132 , 23.76739
133 , 23.29925
134 , 23.29925
135 , 23.29925
136 , 23.76739
137 , 23.76739
138 , 23.29925
139 , 23.29925
141 , 23.29925
142 , 23.29925
143 , 23.29925
144 , 23.76739
145 , 23.29925
146 , 23.29925
147 , 23.29925
148 , 23.29925
149 , 23.76739
150 , 23.29925
151 , 23.29925
152 , 23.29925
153 , 23.29925
154 , 23.29925
155 , 23.29925
156 , 23.29925
157 , 23.29925
158 , 23.29925
160 , 23.29925
161 , 23.29925
162 , 23.76739
163 , 23.29925
164 , 23.29925
165 , 23.29925
166 , 23.29925
167 , 23.76739
168 , 23.29925
169 , 23.29925
170 , 23.76739
171 , 23.76739
172 , 24.23554
173 , 23.29925
174 , 23.29925
175 , 23.29925
176 , 23.76739
177 , 23.76739
179 , 23.76739
180 , 23.29925
181 , 23.29925
182 , 22.8311
183 , 23.29925
184 , 23.29925
185 , 23.76739
186 , 23.29925
187 , 23.29925
188 , 23.76739
189 , 23.29925
190 , 23.76739
191 , 23.76739
192 , 23.76739
193 , 23.76739
194 , 23.29925
195 , 23.29925
196 , 23.29925
198 , 23.76739
199 , 23.29925
200 , 23.76739
201 , 23.29925
202 , 23.29925
203 , 23.29925
204 , 23.29925
205 , 23.29925
206 , 23.29925
207 , 23.29925
208 , 23.29925
209 , 23.29925
210 , 23.76739
211 , 23.29925
212 , 23.29925
213 , 23.76739
214 , 23.76739
216 , 23.76739
217 , 23.76739
218 , 23.76739
219 , 23.76739
220 , 23.29925
221 , 23.29925
222 , 23.29925
223 , 23.29925
224 , 23.29925
225 , 23.29925
226 , 23.29925
227 , 23.29925
228 , 23.29925
229 , 23.29925
230 , 23.29925
231 , 23.29925
232 , 23.29925
234 , 23.29925
235 , 23.29925
236 , 23.76739
237 , 22.8311
238 , 23.29925
239 , 23.29925
240 , 23.29925
241 , 23.29925
242 , 23.29925
243 , 23.29925
244 , 23.76739
245 , 23.29925
246 , 23.29925
247 , 23.29925
248 , 23.29925
249 , 23.29925
250 , 23.29925
252 , 23.29925
253 , 23.76739
254 , 23.76739
255 , 23.29925
256 , 23.76739
257 , 23.29925
258 , 23.29925
259 , 23.29925
260 , 23.76739
261 , 23.29925
262 , 23.29925
263 , 23.29925
264 , 23.29925
265 , 23.29925
266 , 23.29925
267 , 23.29925
269 , 23.76739
270 , 23.76739
271 , 23.29925
272 , 23.76739
273 , 23.29925
274 , 23.29925
275 , 22.8311
276 , 23.29925
277 , 23.29925
278 , 23.29925
279 , 23.29925
280 , 22.8311
281 , 23.29925
282 , 23.76739
283 , 23.29925
284 , 23.29925
285 , 23.29925
287 , 23.29925
288 , 23.76739
289 , 23.29925
290 , 23.29925
291 , 23.76739
292 , 23.76739
293 , 23.29925
294 , 23.76739
295 , 23.76739
296 , 23.76739
297 , 23.29925
298 , 23.29925
299 , 23.29925
300 , 23.29925
301 , 23.29925
302 , 23.29925
303 , 23.76739
304 , 23.76739
306 , 23.29925
307 , 23.29925
308 , 23.29925
309 , 23.29925
310 , 23.29925
311 , 23.29925
312 , 23.29925
313 , 23.76739
314 , 23.76739
315 , 23.76739
316 , 23.29925
317 , 23.76739
318 , 23.29925
319 , 23.29925
320 , 23.76739
321 , 23.29925
322 , 23.76739
323 , 23.29925
324 , 23.76739
325 , 23.29925
326 , 23.29925
327 , 23.29925
328 , 23.76739
329 , 23.76739
331 , 23.76739
332 , 23.76739
333 , 23.76739
334 , 23.76739
335 , 23.76739
336 , 23.29925
337 , 23.29925
338 , 23.76739
339 , 23.29925
340 , 23.76739
341 , 23.76739
342 , 23.29925
343 , 23.76739
344 , 23.76739
345 , 23.29925
346 , 23.76739
347 , 23.29925
348 , 23.29925
349 , 23.29925
350 , 23.76739
351 , 23.76739
353 , 23.76739
354 , 23.29925
355 , 23.76739
356 , 23.29925
357 , 23.76739
358 , 23.29925
359 , 23.29925
360 , 23.76739
361 , 23.76739
362 , 23.76739
363 , 23.76739
364 , 23.76739
365 , 23.29925
366 , 23.76739
367 , 23.76739
368 , 23.29925
369 , 23.29925
370 , 23.29925
371 , 23.29925
372 , 23.76739
373 , 23.29925
375 , 23.29925
376 , 23.76739
377 , 23.76739
378 , 23.76739
379 , 23.29925
380 , 23.29925
381 , 23.29925
382 , 23.29925
383 , 23.76739
384 , 23.29925
385 , 23.76739
386 , 23.76739
387 , 23.29925
388 , 23.29925
389 , 23.29925
390 , 23.29925
391 , 23.29925
392 , 23.29925
393 , 23.29925
395 , 23.29925
396 , 23.29925
397 , 23.29925
398 , 23.29925
399 , 23.29925
400 , 23.29925
401 , 23.76739
402 , 23.76739
403 , 23.76739
404 , 23.29925
405 , 23.76739
406 , 23.29925
407 , 23.29925
408 , 23.76739
409 , 23.76739
410 , 23.76739
411 , 23.76739
412 , 23.29925
413 , 23.76739
414 , 23.76739
416 , 23.29925
417 , 23.29925
418 , 23.76739
419 , 23.29925
420 , 23.76739
421 , 23.29925
422 , 23.29925
423 , 23.76739
424 , 23.29925
425 , 23.29925
426 , 23.29925
427 , 23.29925
428 , 23.29925
429 , 23.29925
430 , 23.29925
431 , 23.76739
432 , 23.29925
433 , 23.76739
434 , 23.76739
436 , 23.29925
437 , 23.29925
438 , 23.76739
439 , 23.76739
440 , 23.76739
441 , 23.29925
442 , 23.76739
443 , 23.29925
444 , 23.29925
445 , 23.29925
446 , 23.76739
447 , 23.76739
448 , 22.8311
449 , 23.76739
450 , 23.29925
451 , 23.29925
452 , 23.76739
453 , 23.29925
454 , 22.8311
456 , 23.29925
457 , 23.29925
458 , 23.29925
459 , 22.8311
460 , 23.76739
461 , 23.29925
462 , 23.29925
463 , 23.76739
464 , 23.76739
465 , 23.76739
466 , 23.29925
467 , 23.76739
468 , 23.76739
469 , 23.29925
470 , 23.29925
471 , 23.76739
472 , 23.76739
473 , 23.29925
475 , 23.76739
476 , 23.29925
477 , 23.29925
478 , 23.76739
479 , 23.76739
480 , 23.29925
481 , 23.29925
482 , 23.29925
483 , 23.76739
484 , 23.29925
485 , 23.29925
486 , 23.76739
487 , 23.29925
488 , 23.29925
489 , 23.29925
490 , 23.76739
491 , 23.29925
493 , 23.76739
494 , 23.29925
495 , 23.76739
496 , 23.76739
497 , 23.29925
498 , 23.29925
499 , 23.76739
500 , 23.29925
501 , 23.29925
502 , 23.76739
503 , 23.29925
504 , 23.29925
505 , 23.29925
506 , 23.29925
507 , 23.29925
508 , 23.76739
509 , 23.29925
511 , 23.29925
512 , 23.76739
513 , 23.29925
514 , 23.29925
515 , 23.76739
516 , 23.29925
517 , 23.29925
518 , 23.29925
519 , 22.8311
520 , 23.29925
521 , 23.29925
522 , 23.29925
523 , 23.76739
524 , 23.29925
525 , 23.76739
526 , 23.29925
528 , 23.29925
529 , 23.29925
530 , 23.29925
531 , 23.29925
532 , 23.29925
533 , 23.29925
534 , 23.29925
535 , 23.76739
536 , 23.76739
537 , 23.29925
