0 25.17182
1 25.17182
2 24.70368
3 25.17182
4 25.17182
5 24.70368
6 24.70368
7 24.70368
8 24.23554
9 25.17182
10 24.70368
11 24.70368
12 24.70368
13 24.70368
14 24.70368
15 24.23554
16 24.70368
17 24.70368
18 24.70368
19 24.70368
20 24.70368
21 24.70368
22 24.70368
23 24.70368
24 24.70368
25 24.70368
26 24.70368
27 24.70368
28 24.70368
29 24.70368
30 24.23554
31 25.17182
32 25.17182
33 25.17182
34 24.70368
36 24.70368
37 24.70368
38 24.23554
39 24.70368
40 24.70368
41 24.23554
42 24.23554
43 24.70368
44 24.70368
45 24.70368
46 24.70368
47 24.70368
48 24.70368
49 24.23554
50 24.70368
51 24.70368
52 24.70368
53 24.70368
54 24.70368
55 24.70368
56 24.70368
57 24.70368
58 25.17182
59 24.70368
60 24.70368
61 24.70368
62 24.70368
63 24.70368
65 24.70368
66 24.70368
67 24.70368
68 24.70368
69 24.70368
70 25.17182
71 24.70368
72 24.23554
73 24.70368
74 24.70368
75 24.70368
76 24.70368
77 24.70368
78 24.70368
79 24.23554
80 24.70368
81 24.70368
82 24.70368
83 24.70368
84 24.70368
85 24.70368
87 24.70368
88 24.70368
89 25.17182
90 24.23554
91 24.70368
92 24.70368
93 24.70368
94 24.70368
95 24.70368
96 24.70368
97 24.70368
98 24.70368
99 24.70368
100 24.23554
101 24.70368
102 24.70368
103 24.70368
104 24.70368
105 24.70368
106 24.70368
107 26.10811
109 24.23554
110 24.70368
111 24.70368
112 24.70368
113 24.23554
114 24.70368
115 24.23554
116 24.70368
117 24.70368
118 24.23554
119 24.23554
120 24.70368
121 25.17182
122 24.23554
123 24.70368
124 25.17182
125 24.70368
126 24.70368
127 24.70368
128 24.70368
130 24.70368
131 24.70368
132 24.70368
133 24.70368
134 24.23554
135 24.70368
136 24.70368
137 24.70368
138 24.70368
139 24.70368
140 24.70368
141 24.70368
142 24.70368
143 24.70368
144 24.70368
145 24.70368
146 24.70368
147 24.70368
148 24.70368
149 24.23554
150 24.70368
152 25.17182
153 24.70368
154 24.70368
155 24.70368
156 24.70368
157 24.70368
158 24.70368
159 25.17182
160 24.23554
161 24.70368
162 24.70368
163 24.70368
164 24.70368
165 24.70368
166 24.70368
167 24.70368
168 24.70368
169 24.70368
171 25.17182
172 24.23554
173 24.70368
174 24.70368
175 24.23554
176 24.70368
177 24.23554
178 24.70368
179 24.23554
180 24.70368
181 24.70368
182 24.70368
183 24.70368
184 24.23554
185 24.70368
186 24.70368
187 24.23554
188 24.70368
189 24.70368
190 24.70368
192 24.70368
193 24.23554
194 24.70368
195 24.23554
196 24.70368
197 25.17182
198 24.70368
199 24.70368
200 24.70368
201 25.17182
202 24.70368
203 25.17182
204 24.70368
205 24.70368
206 24.70368
207 24.70368
208 24.70368
209 24.70368
210 24.70368
212 24.70368
213 24.70368
214 24.70368
215 24.70368
216 24.70368
217 24.70368
218 25.17182
219 24.70368
220 25.17182
221 24.70368
222 24.70368
223 24.70368
224 24.23554
225 24.23554
226 24.70368
227 24.70368
228 24.70368
229 24.70368
231 25.17182
232 24.23554
233 24.70368
234 24.70368
235 24.70368
236 24.70368
237 24.70368
238 25.17182
239 24.70368
240 24.23554
241 24.70368
242 24.70368
243 24.70368
244 24.70368
245 24.23554
246 24.70368
247 24.70368
248 24.70368
250 25.17182
251 24.70368
252 24.70368
253 25.17182
254 24.70368
255 24.23554
256 24.70368
257 24.23554
258 25.17182
259 24.70368
260 24.23554
261 24.70368
262 24.70368
263 24.70368
264 24.70368
265 24.70368
266 24.23554
268 24.70368
269 24.70368
270 24.70368
271 25.17182
272 24.23554
273 24.23554
274 24.70368
275 24.70368
276 24.70368
277 24.70368
278 24.70368
279 24.70368
280 24.70368
281 24.70368
282 24.70368
283 24.70368
284 24.70368
286 24.70368
287 24.70368
288 24.23554
289 24.70368
290 24.70368
291 25.17182
292 24.70368
293 24.70368
294 24.70368
295 25.17182
296 24.70368
297 24.70368
298 24.70368
299 25.17182
300 25.17182
301 24.70368
